0 0.429383 0.528919 0.521104 0.689498
0 0.775974 0.492390 0.402597 0.506849
0 0.084416 0.521309 0.165584 0.701674
0 0.940747 0.572298 0.118506 0.337900
1 0.663961 0.310502 0.204545 0.182648
1 0.717532 0.490868 0.217532 0.168950
1 0.750812 0.669711 0.196429 0.173516
1 0.490260 0.294521 0.246753 0.208524
1 0.393669 0.431507 0.504870 0.345510
1 0.508929 0.712329 0.306818 0.255708
1 0.091721 0.724505 0.180195 0.270928
1 0.106331 0.385845 0.209416 0.412481
1 0.938312 0.500761 0.123377 0.182648
1 0.971591 0.665145 0.056818 0.191781
