0 0.426948 0.503805 0.522727 0.730594
0 0.722403 0.485540 0.285714 0.523592
0 0.879058 0.548706 0.241883 0.369863
0 0.090909 0.538052 0.178571 0.640791
1 0.891234 0.648402 0.162338 0.176560
1 0.838474 0.462709 0.189935 0.197869
1 0.937500 0.497717 0.125000 0.179604
1 0.970779 0.669711 0.058442 0.161339
1 0.712662 0.489346 0.198052 0.153729
1 0.747565 0.674277 0.183442 0.188737
1 0.674513 0.326484 0.183442 0.147641
1 0.431818 0.519026 0.500000 0.560122
1 0.073052 0.394977 0.142857 0.144597
1 0.081981 0.734399 0.160714 0.269406
